1 8.5758e-05
2 9.1326e-05
3 9.638e-05
4 0.00010108
5 0.000109036
6 0.000112973
7 0.0001175
8 0.000123985
9 0.000129529
10 0.000134239
20 0.00019244
30 0.00025547
40 0.000298507
50 0.000352972
60 0.000414873
70 0.000462592
80 0.000517228
90 0.000578843
100 0.000631397
200 0.00118476
300 0.00173258
400 0.00228319
500 0.00283225
600 0.00338147
700 0.00393155
800 0.004479
900 0.00502963
1000 0.00558107
2000 0.0110729
3000 0.0165679
4000 0.0220546
5000 0.0275474
6000 0.0330408
7000 0.0385312
8000 0.0440282
9000 0.0495166
10000 0.0550028
20000 0.109917
30000 0.164839
40000 0.219742
50000 0.274656
60000 0.329582
70000 0.38449
80000 0.439404
90000 0.494303
100000 0.549234
200000 1.0984
300000 1.64752
400000 2.19676
500000 2.74589
600000 3.29507
700000 3.84412
800000 4.39324
900000 4.94219
1000000 5.4915
2000000 10.983
3000000 16.4744
4000000 21.9666
5000000 27.4573
6000000 32.9483
7000000 38.4389
8000000 43.9435
9000000 49.4428
10000000 54.9049
20000000 109.813
30000000 164.719
40000000 219.617
50000000 274.526
60000000 329.425
70000000 384.326
80000000 438.595
90000000 474.862
100000000 526.236
