1 8.4533e-05
2 8.0177e-05
3 7.9715e-05
4 8.0726e-05
5 8.0232e-05
6 8.0092e-05
7 8.0562e-05
8 7.9238e-05
9 7.9918e-05
10 8.0018e-05
20 7.9692e-05
30 7.9906e-05
40 8.0035e-05
50 8.0725e-05
60 8.0234e-05
70 8.0327e-05
80 8.1172e-05
90 8.119e-05
100 8.1562e-05
200 8.2823e-05
300 8.3802e-05
400 8.5645e-05
500 9.8132e-05
600 8.8528e-05
700 8.9458e-05
800 9.0472e-05
900 9.2284e-05
1000 9.2824e-05
2000 0.000107681
3000 0.000120815
4000 0.000135398
5000 0.000149028
6000 0.000162692
7000 0.000177232
8000 0.000201938
9000 0.000209326
10000 0.000223991
20000 0.000368026
30000 0.000494815
40000 0.000637362
50000 0.000775437
60000 0.000909231
70000 0.00105384
80000 0.00119183
90000 0.0013328
100000 0.00146751
200000 0.00285787
300000 0.00424238
400000 0.00563001
500000 0.00701334
600000 0.00839493
700000 0.00978509
800000 0.0111673
900000 0.0125569
1000000 0.0139382
2000000 0.0277863
3000000 0.0416313
4000000 0.0554908
5000000 0.0693253
6000000 0.0831707
7000000 0.0970298
8000000 0.110874
9000000 0.124728
10000000 0.138565
20000000 0.277034
30000000 0.415501
40000000 0.553976
50000000 0.69245
60000000 0.83092
70000000 0.969392
80000000 1.10785
90000000 1.2463
100000000 1.38472
