1 7.9832e-05
2 7.9953e-05
3 7.9614e-05
4 8.0309e-05
5 8.0323e-05
6 8.0264e-05
7 7.8947e-05
8 8.0781e-05
9 8.0397e-05
10 8.0441e-05
20 8.0317e-05
30 8.13e-05
40 8.1786e-05
50 8.3287e-05
60 8.3648e-05
70 8.3744e-05
80 8.4953e-05
90 8.5505e-05
100 8.6065e-05
200 9.3153e-05
300 9.8929e-05
400 0.000104298
500 0.00011142
600 0.000117784
700 0.000123809
800 0.000130148
900 0.000136284
1000 0.000142787
2000 0.000206288
3000 0.000268604
4000 0.000331084
5000 0.000394155
6000 0.000461661
7000 0.0005198
8000 0.000586999
9000 0.00064556
10000 0.00071828
20000 0.0013442
30000 0.00197852
40000 0.00260394
50000 0.00323141
60000 0.00385998
70000 0.00448985
80000 0.00512037
90000 0.00574947
100000 0.00637724
200000 0.0126693
300000 0.0189594
400000 0.025249
500000 0.031537
600000 0.0378291
700000 0.0441147
800000 0.0504124
900000 0.0567011
1000000 0.0629833
2000000 0.125883
3000000 0.188764
4000000 0.251651
5000000 0.314559
6000000 0.377442
7000000 0.440353
8000000 0.503237
9000000 0.566131
10000000 0.629009
20000000 1.2579
30000000 1.88683
40000000 2.51574
50000000 3.14469
60000000 3.77353
70000000 4.40254
80000000 5.03142
90000000 5.66027
100000000 6.28912
