1 7.9825e-05
2 8.0838e-05
3 8.138e-05
4 8.1752e-05
5 8.3013e-05
6 8.3226e-05
7 8.3279e-05
8 8.3627e-05
9 8.4327e-05
10 8.4944e-05
20 0.000102811
30 9.5975e-05
40 0.00010177
50 0.0001067
60 0.000113966
70 0.000118681
80 0.000123712
90 0.000129702
100 0.000134847
200 0.000190257
300 0.000246984
400 0.000302775
500 0.000362973
600 0.000413366
700 0.000468692
800 0.000529507
900 0.000579934
1000 0.000648053
2000 0.00120339
3000 0.00175876
4000 0.00230912
5000 0.00286969
6000 0.00342902
7000 0.00398338
8000 0.00453758
9000 0.00509208
10000 0.00564856
20000 0.0112171
30000 0.0167822
40000 0.0223427
50000 0.027905
60000 0.0334663
70000 0.0390312
80000 0.044604
90000 0.0501555
100000 0.0557158
200000 0.111339
300000 0.166985
400000 0.222596
500000 0.27824
600000 0.333847
700000 0.389471
800000 0.445113
900000 0.500725
1000000 0.556366
2000000 1.11263
3000000 1.66889
4000000 2.22517
5000000 2.78135
6000000 3.33761
7000000 3.89378
8000000 4.4501
9000000 5.00636
10000000 5.56263
20000000 11.1249
30000000 16.6868
40000000 22.2497
50000000 27.8129
60000000 33.3743
70000000 38.936
80000000 44.4998
90000000 50.0616
100000000 55.6237
